[Centers]
X=74.49158877473633,222.69205612957614,371.89252348441596,521.0929908392559,670.2934581940956,819.4939255489355
Y=74.36447724850615,73.62868797671882,73.8928987049315,74.15710943314417,74.42132016135685,73.68553088956952
